FrangiRay Scene Description
camera 45.0 0.814116 -0.580703 0.0 0 -0.0050676 -0.00710449 0.999962 0 -0.580681 -0.814084 -0.00872669 0 -1147.03 -1556.28 85.0137 1
camera 44.9999 0.814115 -0.0050676 -0.580681 0 -0.580703 -0.00710455 -0.814085 0 0.0 0.999962 -0.00872664 0 30.0775 -101.88 -1932.25 1
sphere 10000.0 0.0 10100.0 0.0 0.0 0.0 0.0 0.0 0.0 0.0 1.0 0.1
sphere 10000.0 0.0 0.0 -10100.0 1.0 1.0 1.0 0.0 0.0 0.0 0.0 0.0
sphere 10000.0 10100.0 0.0 0.0 1.0 1.0 1.0 0.0 0.0 0.0 0.0 0.0
sphere 283.478 180.374 188.761 367.724 0.0 0.0 0.0 0.792157 0.847059 1.0 0.0 0.9
sphere 283.478 318.398 -469.779 367.724 0.0 0.0 0.0 1.0 0.623529 0.439216 0.88 0.0
sphere 73.7042 -193.015 -185.471 -96.5861 0.0941177 0.419608 0.466667 0.368627 0.368627 0.368627 0.0 0.9
sphere 73.7042 -408.624 -64.29 -131.013 0.0941177 0.419608 0.466667 0.368627 0.368627 0.368627 0.0 0.9
sphere 73.7042 -94.0129 -389.512 -131.013 0.0941177 0.419608 0.466667 0.368627 0.368627 0.368627 0.0 0.9
sphere 126.771 -408.624 125.464 180.564 0.882353 0.560784 0.341176 0.0 0.0 0.0 0.0 0.0
sphere 73.7042 -567.753 125.464 180.564 0.882353 0.560784 0.341176 0.0 0.0 0.0 0.0 0.0
sphere 73.7042 -234.141 125.464 180.564 0.882353 0.560784 0.341176 0.0 0.0 0.0 0.0 0.0
sphere 73.7042 -567.753 125.464 -75.7264 0.560784 0.882353 0.341176 0.0 0.0 0.0 0.0 0.0
sphere 73.7042 -249.785 125.464 -75.7264 0.560784 0.882353 0.341176 0.0 0.0 0.0 0.0 0.0
sphere 126.771 140.611 -566.886 -99.243 1.0 1.0 1.0 0.0 0.0 0.0 0.0 0.0
sphere 126.771 -26.79 -566.886 -185.457 1.0 1.0 1.0 0.0 0.0 0.0 0.0 0.0
sphere 126.771 -217.104 -566.886 -233.376 1.0 1.0 1.0 0.0 0.0 0.0 0.0 0.0
sphere 126.771 -393.394 -566.886 -235.287 1.0 1.0 1.0 0.0 0.0 0.0 0.0 0.0

