sphere 13.0857 66.7757 17.7534 0.0 1.0 1.0 1.0 0 0 0
sphere 16.7496 -2.22444 56.5301 -20.0323 0.662745 0.662745 0.662745 0 0 0
sphere 13.0857 29.9513 5.75217 -8.75384 0.494118 0.494118 0.494118 0 0 0
sphere 9.81424 19.6278 18.0847 0.0 0.337255 0.337255 0.337255 0 0 0
sphere 5.68833 45.668 22.5196 0.0 0.0 0.0 0.0 0.439216 1.0 0.517647
sphere 4.12198 25.1493 24.4261 -2.79566 0.0 0.0 0.0 0.611765 0.85098 1.0
sphere 42.4135 32.1546 -6.88181 135.791 0.0 0.0 0.0 1.0 0.678431 0.439216
sphere 39990.0 0.0 0.0 -40000.0 1.0 1.0 1.0 0 0 0
sphere 2.30831 15.7103 26.5097 -2.79566 0.0 0.0 0.0 0.611765 0.85098 1.0
sphere 1.68507 9.01464 30.0965 -2.79566 0.0 0.0 0.0 0.611765 0.85098 1.0
sphere 1.06159 0.898199 31.121 -2.79566 0.0 0.0 0.0 0.611765 0.85098 1.0
sphere 0.912969 -9.49791 27.0169 -2.79566 0.0 0.0 0.0 0.611765 0.85098 1.0
sphere 5.68833 45.668 22.5196 -6.57489 0.0 0.0 0.0 0.439216 1.0 0.517647
sphere 5.68833 67.3124 26.4478 -9.64627 0.0 0.0 0.0 0.439216 1.0 0.517647
sphere 5.68833 23.4758 12.887 -11.4741 0.0 0.0 0.0 1.0 0.054902 0.0392157
sphere 5.68833 30.0973 9.81118 -11.4741 0.0 0.0 0.0 1.0 0.054902 0.0392157
sphere 5.68833 36.3434 10.1985 -11.4741 0.0 0.0 0.0 1.0 0.054902 0.0392157
sphere 49.3827 33.1984 18.619 -58.6887 0.0 0.0 0.0 1.0 0.054902 0.0392157
sphere 49.3827 24.1446 21.175 -59.073 0.0 0.0 0.0 1.0 0.054902 0.0392157
sphere 49.3827 28.295 23.7313 -59.073 0.0 0.0 0.0 1.0 0.054902 0.0392157
sphere 0.92 29.4237 27.2842 -9.69637 0.0 0.0 0.0 1.0 0.054902 0.0392157
sphere 0.5687 33.5259 30.2686 -7.16817 0.0 0.0 0.0 1.0 0.054902 0.0392157
camera 45.0 -0.997625 0.068454 0.00759591 0 0.000653714 -0.100872 0.994899 0 0.0688709 0.992542 0.100588 0 41.0052 161.327 11.5552 1

FrangiRay Scene Description
camera 44.9999 -0.997625 0.000653624 0.068871 0 0.0684539 -0.100872 0.992542 0 0.00759598 0.994899 0.100588 0 29.7766 4.75033 -164.11 1

